2 0.3296153846153846 0.2839958158995816 0.4269230769230769 0.20606694560669456
2 0.5303846153846153 0.6532426778242678 0.5884615384615385 0.3608786610878661
2 0.7773076923076923 0.13598326359832635 0.05615384615384615 0.027196652719665274
2 0.09038461538461538 0.13284518828451883 0.10538461538461538 0.03347280334728033
2 0.2530769230769231 0.11976987447698745 0.07076923076923076 0.034518828451882845
2 0.2765384615384615 0.1260460251046025 0.06230769230769231 0.028242677824267783
2 0.3007692307692308 0.1297071129707113 0.07230769230769231 0.03347280334728033
2 0.32846153846153847 0.13493723849372385 0.06307692307692307 0.02092050209205021
2 0.36653846153846154 0.13964435146443516 0.045384615384615384 0.013598326359832637
2 0.39884615384615385 0.1469665271966527 0.05923076923076923 0.015690376569037656
2 0.17884615384615385 0.12866108786610878 0.04230769230769231 0.027196652719665274
