1 0.6504166666666666 0.575 0.5525 0.5033333333333333
0 0.345 0.7038888888888889 0.03833333333333333 0.04777777777777778
0 0.24666666666666667 0.5472222222222223 0.025 0.034444444444444444
0 0.23416666666666666 0.5138888888888888 0.016666666666666666 0.025555555555555557
3 0.2925 0.68 0.008333333333333333 0.03111111111111111
3 0.33666666666666667 0.9227777777777778 0.018333333333333333 0.03888888888888889
3 0.44375 0.9211111111111111 0.025833333333333333 0.042222222222222223
3 0.23041666666666666 0.6461111111111111 0.010833333333333334 0.03666666666666667
3 0.2683333333333333 0.6394444444444445 0.008333333333333333 0.03
3 0.25583333333333336 0.6183333333333333 0.008333333333333333 0.04111111111111111
3 0.26625 0.595 0.0125 0.03
3 0.20291666666666666 0.5844444444444444 0.010833333333333334 0.03333333333333333
3 0.21 0.5533333333333333 0.015 0.03111111111111111
3 0.21708333333333332 0.5272222222222223 0.0125 0.03
3 0.17958333333333334 0.5283333333333333 0.010833333333333334 0.03666666666666667
