0 0.1125 0.43333333333333335 0.209375 0.10833333333333334
0 0.19375 0.6125 0.2625 0.225
0 0.490625 0.63125 0.23125 0.3125
0 0.82265625 0.5885416666666666 0.3265625 0.22291666666666668
0 0.86640625 0.42291666666666666 0.2234375 0.06666666666666667
0 0.71484375 0.36666666666666664 0.1296875 0.05416666666666667
0 0.65078125 0.44166666666666665 0.1671875 0.11666666666666667
0 0.5 0.375 0.090625 0.07083333333333333
0 0.36171875 0.4427083333333333 0.1859375 0.10208333333333333
0 0.28203125 0.371875 0.1359375 0.07291666666666667
