0 0.68 0.6677777777777778 0.555 0.5355555555555556
0 0.911875 0.4011111111111111 0.13625 0.10444444444444445
0 0.7959375 0.3788888888888889 0.101875 0.08222222222222222
0 0.70375 0.39222222222222225 0.1175 0.09555555555555556
0 0.625625 0.38222222222222224 0.1 0.08444444444444445
0 0.5490625 0.3838888888888889 0.090625 0.06333333333333334
0 0.4615625 0.37722222222222224 0.083125 0.06333333333333334
0 0.4040625 0.5638888888888889 0.430625 0.3611111111111111
0 0.240625 0.5188888888888888 0.39375 0.2777777777777778
0 0.151875 0.4811111111111111 0.28875 0.21777777777777776
